% cal data [obj_points(17,3), img_points(17,2)
d = [
    0.0300    -0.0100     0.0000   977.0000  2493.0000
    0.0300    -0.0100     0.0100   966.0000  2379.0000
    0.0000    -0.0100     0.0100  1480.0000  2241.0000
    0.0000    -0.0100     0.0400  1508.0000  1841.0000
   -0.0100    -0.0100     0.0400  1692.0000  1794.0000
   -0.0100     0.0000     0.0400  1779.0000  1925.0000
   -0.0100     0.0000     0.0100  1722.0000  2326.0000
   -0.0100     0.0300     0.0100  1983.0000  2770.0000
   -0.0100     0.0300     0.0000  1955.0000  2880.0000
%   -0.0100    -0.0100     0.0000    67.0000    28.0000
    0.0300     0.0000     0.0000  1028.0000  2630.0000
    0.0300     0.0000     0.0100  1020.0000  2518.0000
    0.0000     0.0000     0.0100  1550.0000  2371.0000
    0.0000     0.0300     0.0100  1796.0000  2824.0000
    0.0000     0.0300     0.0000  1773.0000  2930.0000
    0.0000     0.0000     0.0000  1539.0000  2484.0000
    0.0000     0.0000     0.0400  1588.0000  1968.0000
];
